 17-Aug-12 07/22/2011
   1120710020               1
  0.100000000E+04
*1000.00              1               0 SNT  10   1 FIX    35   40
  0.563143230E+01 0.660000026E+02-0.544273186E+01-0.554852250E+06
 -0.566511749E+06 0.668784286E+02 0.435363401E+01 0.215696655E+02
  0.158011362E+01 0.569528048E+00 0.193968250E+00 0.859631305E+06
  0.670487148E+02 0.107093700E+01 0.816338982E+01 0.785333943E-01
  0.135375287E+00 0.164776359E+01 0.128904213E+01 0.224817081E+01
  0.930265417E+01 0.839902108E+01 0.603732384E+01-0.944658880E+00
  0.639745168E+02 0.628689998E+02 0.615015353E+02 0.598162208E+02
  0.578548471E+02 0.556147651E+02 0.531218626E+02 0.503663731E+02
  0.473092986E+02 0.439377516E+02
  0.965072680E+14 0.970827514E+14 0.102641607E+15 0.105053772E+15
  0.106921951E+15 0.109907666E+15 0.113623108E+15 0.111017779E+15
  0.000000000E+00 0.000000000E+00
  0.430688597E+02
  0.000000000E+00
  0.568217793E+01 0.409102676E+00 0.218269309E+01 0.834052005E+00
  0.672829070E+00 0.115667283E+02-0.500000000E+02-0.500000000E+02
 -0.500000000E+02-0.347168000E-01 0.210174898E+04 0.116243221E+05
  0.141852849E-02 0.115581839E+01 0.939322048E+00-0.312321733E-02
  0.126945835E+01 0.622479762E+02 0.000000000E+00 0.000000000E+00
  0.591629308E+02-0.516272652E+02 0.545938991E+02 0.384361563E+02
 -0.100000000E+03-0.500000000E+02-0.538882196E+01-0.527759116E+01
  0.385734448E+01 0.134493074E+02 0.167004664E+02 0.128904213E+01
  0.680652036E+02 0.872416612E+00-0.113159108E+00 0.193573572E+02
 -0.193993271E+01-0.112538635E+01-0.166576952E+06-0.973678147E-02
 -0.105974948E+01-0.277391621E+03 0.959759687E+00 0.000000000E+00
    26   40   15    3
 -0.226942944E-01-0.231010364E-01-0.239536052E-01-0.263084628E-01
 -0.306204260E-01-0.447961712E-01-0.481449791E-01-0.191161112E-01
 -0.268072563E-02 0.401295695E-02 0.529424639E-01 0.828402014E-01
  0.421662843E-01 0.275310123E-01 0.374222916E-01 0.700025034E-01
  0.446499237E-01-0.478804481E-02-0.369911034E-01-0.260259249E-01
 -0.238895462E-01-0.240616736E-01-0.209855184E-01-0.218898971E-01
 -0.207151635E-01-0.205771473E-01-0.677223567E+00-0.531379018E+00
 -0.281484242E+00-0.196526627E+00 0.371824370E+00 0.504081114E+00
 -0.538579540E-01 0.409588909E-02-0.337477367E+00-0.356126992E+00
 -0.456598502E+00-0.217192728E+00-0.269783239E+00-0.262219079E+00
 -0.212068879E+00-0.382414435E+00-0.292447021E+00-0.919419277E-01
  0.201356942E-02-0.506607011E-02 0.607540271E-02-0.173592754E-01
 -0.106666570E+00-0.220888924E+00-0.505602605E+00-0.675386185E+00
 -0.470601096E+00-0.464492514E+00-0.449225468E+00-0.432603939E+00
 -0.418464012E+00-0.406090500E+00-0.395788663E+00-0.387621943E+00
 -0.389215642E+00-0.394617297E+00-0.401251602E+00-0.409483517E+00
 -0.416093277E+00-0.415333843E+00
  0.377446056E+06-0.939729186E+05-0.129472228E+06-0.221737540E+06
 -0.179290037E+05-0.572082249E+05-0.212889101E+06 0.257528754E+06
  0.251542749E+06 0.158783274E+06 0.160416314E+06-0.112237527E+05
  0.123943333E+05-0.753933401E+05-0.753956581E+05
  0.291268774E+04-0.348784766E+04-0.477534814E+04
  0.151306987E+03 0.464628855E+02 0.432799992E+02 0.571232709E+02
  0.432800007E+02 0.000000000E+00 0.000000000E+00 0.000000000E+00
  0.000000000E+00 0.000000000E+00 0.297926440E+02 0.000000000E+00
  0.641898877E-01 0.298438754E-01 0.246100763E+01 0.652010301E-01
 -0.109937318E+01 0.000000000E+00 0.999000000E+03 0.502901146E+01
  0.820593172E+01 0.939322048E+00 0.000000000E+00 0.238930262E+00
 -0.999000000E+03-0.999000000E+03 0.463496372E+01 0.000000000E+00
  0.684706643E-01 0.636965758E-01 0.453792344E+00 0.884480942E+00
  0.706276134E+01 0.533281395E+01 0.116305699E+02 0.221263430E+01
  0.870028458E+01 0.379529601E+01 0.170524281E+01 0.561015130E+00
  0.133754537E+01 0.464628855E+02 0.432799992E+02-0.890000000E+02
 -0.890000000E+02 0.571232709E+02 0.432800007E+02-0.890000000E+02
 -0.890000000E+02 0.607913958E+05-0.890000000E+02-0.890000000E+02
 -0.890000000E+02 0.310685302E+01 0.000000000E+00 0.000000000E+00
 00101225-Jul-2011 08:50:221120710020.01000 MAG
